0.0 0.03 0.07 0.075 0.075 0.065 0.06 0.015 0.06 0.07 0.22 0.105 0.09 0.055 0.01 
0.7 0.125 0.125 0.0 0.01 0.0 0.0 0.0 0.0 0.005 0.01 0.005 0.0 0.0 0.02 
0.0 0.0 0.0 0.0 0.0 0.0 0.005 0.105 0.635 0.005 0.055 0.005 0.0 0.055 0.135 
0.265 0.53 0.165 0.0 0.0 0.0 0.0 0.0 0.005 0.025 0.01 0.0 0.0 0.0 0.0 
0.005 0.02 0.215 0.035 0.195 0.09 0.045 0.04 0.02 0.04 0.01 0.1 0.18 0.0 0.005 
0.0 0.025 0.005 0.05 0.045 0.065 0.135 0.085 0.29 0.015 0.215 0.015 0.0 0.025 0.03 
0.035 0.01 0.16 0.15 0.045 0.02 0.02 0.1 0.065 0.02 0.06 0.13 0.045 0.07 0.07 
0.0 0.0 0.005 0.005 0.0 0.005 0.04 0.405 0.24 0.01 0.16 0.0 0.0 0.105 0.025 
0.005 0.025 0.115 0.06 0.075 0.055 0.125 0.055 0.04 0.105 0.065 0.155 0.085 0.015 0.02 
0.0 0.0 0.01 0.0 0.0 0.005 0.005 0.5 0.255 0.015 0.01 0.005 0.0 0.135 0.06 
0.095 0.01 0.065 0.215 0.07 0.035 0.02 0.035 0.02 0.03 0.095 0.27 0.025 0.015 0.0 
0.0 0.0 0.01 0.01 0.015 0.005 0.025 0.32 0.3 0.015 0.115 0.005 0.0 0.155 0.025 
0.0 0.01 0.005 0.0 0.0 0.0 0.0 0.06 0.555 0.0 0.01 0.0 0.0 0.07 0.29 
0.0 0.005 0.0 0.0 0.0 0.0 0.0 0.135 0.625 0.0 0.035 0.005 0.0 0.04 0.155 
0.075 0.445 0.295 0.0 0.0 0.005 0.01 0.0 0.005 0.12 0.025 0.005 0.0 0.0 0.015 
0.005 0.0 0.045 0.05 0.085 0.09 0.18 0.22 0.115 0.01 0.075 0.005 0.005 0.075 0.04 
0.01 0.035 0.16 0.13 0.045 0.045 0.05 0.01 0.04 0.1 0.105 0.14 0.1 0.025 0.005 
0.0 0.005 0.01 0.02 0.005 0.02 0.05 0.155 0.34 0.025 0.28 0.0 0.0 0.055 0.035 
0.0 0.03 0.035 0.05 0.1 0.005 0.01 0.01 0.085 0.115 0.46 0.045 0.02 0.03 0.005 
0.005 0.0 0.11 0.055 0.255 0.05 0.09 0.04 0.02 0.02 0.04 0.045 0.205 0.045 0.02 
0.0 0.005 0.02 0.145 0.05 0.075 0.075 0.12 0.05 0.025 0.26 0.01 0.015 0.135 0.015 
0.0 0.005 0.145 0.115 0.175 0.045 0.055 0.0 0.02 0.02 0.07 0.115 0.135 0.085 0.015 
0.0 0.0 0.035 0.195 0.11 0.02 0.025 0.02 0.085 0.025 0.075 0.25 0.035 0.09 0.035 
0.005 0.0 0.105 0.115 0.14 0.095 0.085 0.065 0.05 0.06 0.085 0.065 0.04 0.09 0.0 
0.0 0.0 0.015 0.235 0.08 0.01 0.06 0.06 0.14 0.005 0.155 0.105 0.02 0.115 0.0 
0.01 0.03 0.115 0.05 0.255 0.155 0.035 0.03 0.02 0.06 0.035 0.04 0.155 0.01 0.0 
0.0 0.005 0.005 0.015 0.0 0.025 0.01 0.565 0.11 0.01 0.015 0.01 0.0 0.18 0.05 
0.0 0.005 0.01 0.065 0.03 0.065 0.165 0.1 0.195 0.045 0.22 0.01 0.01 0.07 0.01 
0.0 0.005 0.005 0.0 0.0 0.0 0.0 0.23 0.39 0.005 0.01 0.005 0.0 0.17 0.18 
0.0 0.005 0.0 0.0 0.0 0.0 0.0 0.26 0.475 0.01 0.145 0.005 0.0 0.025 0.075 
0.255 0.61 0.06 0.0 0.0 0.0 0.0 0.005 0.015 0.015 0.015 0.025 0.0 0.0 0.0 
0.225 0.615 0.1 0.005 0.0 0.0 0.0 0.01 0.0 0.04 0.0 0.0 0.0 0.0 0.005 
0.58 0.3 0.055 0.0 0.0 0.0 0.0 0.0 0.01 0.025 0.0 0.02 0.0 0.0 0.01 
0.405 0.35 0.075 0.005 0.0 0.0 0.0 0.005 0.015 0.04 0.075 0.01 0.0 0.0 0.02 
0.0 0.015 0.0 0.055 0.045 0.075 0.16 0.06 0.27 0.03 0.225 0.015 0.0 0.035 0.015 
0.515 0.175 0.23 0.005 0.005 0.0 0.0 0.0 0.0 0.02 0.03 0.0 0.0 0.005 0.015 
0.0 0.005 0.02 0.165 0.08 0.01 0.0 0.01 0.155 0.03 0.375 0.045 0.005 0.1 0.0 
0.005 0.005 0.05 0.035 0.145 0.12 0.115 0.21 0.105 0.005 0.05 0.015 0.025 0.105 0.01 
0.005 0.025 0.15 0.125 0.035 0.045 0.035 0.01 0.055 0.09 0.145 0.11 0.15 0.015 0.005 
0.0 0.0 0.0 0.01 0.005 0.005 0.0 0.0 0.435 0.0 0.1 0.0 0.0 0.41 0.035 
0.005 0.0 0.065 0.025 0.105 0.235 0.21 0.155 0.08 0.01 0.02 0.0 0.015 0.055 0.02 
0.0 0.02 0.01 0.035 0.03 0.005 0.015 0.04 0.285 0.015 0.44 0.0 0.0 0.085 0.02 
0.725 0.19 0.06 0.0 0.0 0.005 0.0 0.0 0.01 0.0 0.0 0.0 0.005 0.0 0.005 
0.0 0.02 0.06 0.04 0.02 0.105 0.16 0.055 0.14 0.115 0.18 0.05 0.03 0.015 0.01 
0.005 0.03 0.095 0.045 0.07 0.005 0.02 0.0 0.06 0.2 0.17 0.185 0.1 0.0 0.015 
0.025 0.005 0.21 0.15 0.065 0.07 0.05 0.02 0.01 0.05 0.045 0.09 0.175 0.025 0.01 
0.005 0.005 0.035 0.23 0.025 0.05 0.09 0.08 0.08 0.02 0.18 0.07 0.05 0.07 0.01 
0.005 0.01 0.065 0.155 0.055 0.04 0.045 0.08 0.025 0.05 0.33 0.02 0.05 0.045 0.025 
0.01 0.0 0.115 0.11 0.085 0.01 0.02 0.015 0.055 0.085 0.335 0.065 0.045 0.045 0.005 
0.0 0.0 0.02 0.055 0.6 0.115 0.075 0.015 0.025 0.0 0.015 0.005 0.045 0.03 0.0 
0.0 0.005 0.0 0.0 0.0 0.0 0.0 0.18 0.515 0.005 0.195 0.0 0.0 0.05 0.05 
0.0 0.0 0.005 0.01 0.0 0.015 0.025 0.35 0.2 0.015 0.175 0.0 0.0 0.17 0.035 
0.0 0.02 0.035 0.095 0.03 0.055 0.085 0.04 0.185 0.05 0.295 0.02 0.01 0.065 0.015 
0.005 0.005 0.0 0.0 0.01 0.0 0.0 0.015 0.58 0.01 0.115 0.0 0.0 0.125 0.135 
0.0 0.005 0.025 0.0 0.0 0.0 0.005 0.215 0.225 0.0 0.0 0.0 0.0 0.235 0.29 
0.05 0.03 0.085 0.18 0.07 0.06 0.13 0.1 0.04 0.02 0.05 0.015 0.015 0.05 0.105 
0.0 0.0 0.0 0.02 0.0 0.0 0.005 0.33 0.395 0.005 0.065 0.005 0.0 0.115 0.06 
0.0 0.0 0.04 0.125 0.065 0.06 0.08 0.05 0.09 0.04 0.35 0.03 0.015 0.05 0.005 
0.005 0.005 0.065 0.14 0.09 0.11 0.105 0.03 0.02 0.075 0.09 0.05 0.175 0.04 0.0 
0.075 0.25 0.185 0.025 0.01 0.005 0.01 0.0 0.03 0.15 0.12 0.11 0.025 0.005 0.0 
0.015 0.01 0.13 0.11 0.21 0.145 0.07 0.015 0.02 0.04 0.085 0.015 0.13 0.005 0.0 
0.0 0.005 0.0 0.0 0.005 0.0 0.005 0.21 0.57 0.01 0.06 0.0 0.0 0.035 0.1 
0.005 0.005 0.06 0.045 0.075 0.105 0.23 0.14 0.06 0.045 0.1 0.03 0.04 0.04 0.02 
0.02 0.025 0.05 0.1 0.095 0.07 0.145 0.055 0.05 0.075 0.075 0.065 0.055 0.075 0.045 
0.0 0.015 0.0 0.0 0.0 0.0 0.0 0.29 0.4 0.0 0.11 0.0 0.0 0.07 0.115 
0.25 0.435 0.15 0.01 0.0 0.0 0.005 0.0 0.02 0.095 0.02 0.0 0.005 0.0 0.01 
0.005 0.01 0.035 0.05 0.045 0.13 0.17 0.14 0.095 0.05 0.115 0.045 0.03 0.035 0.045 
0.0 0.0 0.02 0.0 0.0 0.0 0.005 0.355 0.38 0.0 0.0 0.005 0.0 0.195 0.04 
0.185 0.27 0.195 0.02 0.01 0.0 0.0 0.0 0.01 0.155 0.065 0.06 0.02 0.005 0.005 
0.0 0.0 0.01 0.005 0.0 0.0 0.01 0.31 0.26 0.005 0.035 0.0 0.0 0.145 0.22 
0.065 0.285 0.17 0.01 0.03 0.015 0.015 0.005 0.005 0.175 0.05 0.115 0.055 0.0 0.005 
0.3 0.16 0.23 0.015 0.025 0.095 0.005 0.01 0.0 0.045 0.0 0.045 0.06 0.0 0.01 
0.01 0.02 0.095 0.05 0.07 0.115 0.185 0.085 0.03 0.135 0.02 0.085 0.06 0.02 0.02 
0.0 0.005 0.005 0.015 0.0 0.005 0.055 0.245 0.295 0.02 0.145 0.005 0.0 0.165 0.04 
0.0 0.005 0.01 0.015 0.0 0.0 0.025 0.34 0.205 0.005 0.015 0.0 0.0 0.205 0.175 
0.12 0.285 0.23 0.0 0.01 0.005 0.015 0.01 0.0 0.145 0.03 0.12 0.025 0.0 0.005 
0.795 0.16 0.035 0.0 0.0 0.0 0.0 0.0 0.005 0.005 0.0 0.0 0.0 0.0 0.0 
0.0 0.005 0.0 0.0 0.0 0.0 0.005 0.14 0.6 0.01 0.035 0.005 0.0 0.065 0.135 
0.0 0.01 0.0 0.01 0.01 0.01 0.02 0.09 0.485 0.02 0.19 0.005 0.0 0.115 0.035 
0.64 0.075 0.22 0.0 0.0 0.005 0.0 0.0 0.0 0.01 0.005 0.015 0.0 0.0 0.03 
0.0 0.0 0.01 0.0 0.0 0.0 0.015 0.345 0.315 0.005 0.015 0.0 0.0 0.17 0.125 
0.22 0.125 0.175 0.065 0.02 0.03 0.03 0.01 0.005 0.12 0.03 0.145 0.025 0.0 0.0 
0.2 0.165 0.295 0.015 0.03 0.055 0.005 0.015 0.0 0.08 0.0 0.105 0.025 0.0 0.01 
0.0 0.0 0.0 0.0 0.0 0.0 0.005 0.15 0.53 0.015 0.035 0.0 0.0 0.09 0.175 
0.1 0.145 0.305 0.005 0.02 0.035 0.05 0.005 0.005 0.105 0.005 0.16 0.03 0.01 0.02 
0.13 0.13 0.265 0.02 0.0 0.025 0.04 0.03 0.02 0.06 0.03 0.18 0.03 0.005 0.035 
0.22 0.405 0.155 0.0 0.005 0.005 0.0 0.0 0.0 0.105 0.04 0.03 0.015 0.0 0.02 
0.09 0.19 0.235 0.03 0.005 0.02 0.02 0.005 0.02 0.185 0.02 0.135 0.035 0.005 0.005 
0.06 0.005 0.03 0.14 0.115 0.11 0.065 0.09 0.05 0.04 0.055 0.015 0.005 0.11 0.11 
0.0 0.0 0.01 0.035 0.01 0.025 0.005 0.16 0.175 0.01 0.365 0.0 0.005 0.175 0.025 
0.04 0.025 0.015 0.105 0.23 0.27 0.1 0.06 0.0 0.03 0.02 0.005 0.05 0.01 0.04 
0.02 0.025 0.005 0.07 0.235 0.165 0.07 0.2 0.0 0.05 0.015 0.015 0.09 0.015 0.025 
0.235 0.11 0.14 0.03 0.005 0.005 0.095 0.005 0.005 0.13 0.05 0.13 0.04 0.005 0.015 
0.015 0.0 0.25 0.095 0.13 0.07 0.03 0.015 0.025 0.07 0.02 0.14 0.12 0.015 0.005 
0.0 0.0 0.015 0.015 0.0 0.01 0.03 0.43 0.195 0.005 0.01 0.005 0.0 0.205 0.08 
0.0 0.0 0.0 0.01 0.005 0.005 0.015 0.315 0.155 0.0 0.0 0.0 0.0 0.245 0.25 
0.02 0.035 0.465 0.025 0.03 0.05 0.04 0.0 0.005 0.065 0.025 0.15 0.08 0.005 0.005 
0.145 0.08 0.205 0.065 0.05 0.025 0.095 0.03 0.0 0.055 0.045 0.125 0.045 0.02 0.015 
0.01 0.04 0.1 0.02 0.335 0.115 0.035 0.09 0.03 0.03 0.03 0.015 0.1 0.025 0.025 
0.0 0.0 0.025 0.035 0.025 0.01 0.02 0.44 0.165 0.015 0.06 0.015 0.0 0.14 0.05 
0.05 0.015 0.1 0.055 0.105 0.03 0.01 0.05 0.09 0.115 0.195 0.005 0.01 0.14 0.03 
0.0 0.0 0.005 0.06 0.005 0.005 0.005 0.22 0.265 0.0 0.045 0.005 0.0 0.285 0.1 
0.08 0.175 0.36 0.0 0.0 0.015 0.025 0.02 0.01 0.185 0.005 0.09 0.01 0.0 0.025 
0.03 0.06 0.08 0.005 0.195 0.14 0.015 0.025 0.0 0.1 0.01 0.045 0.275 0.0 0.02 
0.0 0.0 0.005 0.065 0.055 0.025 0.005 0.225 0.17 0.0 0.05 0.0 0.0 0.305 0.095 
0.08 0.285 0.18 0.02 0.005 0.005 0.005 0.0 0.025 0.26 0.115 0.015 0.005 0.0 0.0 
0.0 0.01 0.015 0.005 0.0 0.01 0.005 0.575 0.13 0.0 0.065 0.0 0.0 0.145 0.04 
0.0 0.0 0.0 0.02 0.0 0.0 0.0 0.0 0.245 0.0 0.035 0.0 0.0 0.665 0.035 
0.015 0.015 0.13 0.1 0.075 0.13 0.025 0.005 0.01 0.07 0.055 0.125 0.245 0.0 0.0 
0.005 0.0 0.02 0.205 0.075 0.01 0.035 0.07 0.18 0.005 0.15 0.13 0.005 0.11 0.0 
0.33 0.215 0.38 0.01 0.0 0.005 0.0 0.005 0.0 0.025 0.01 0.0 0.015 0.0 0.005 
0.0 0.005 0.015 0.0 0.0 0.0 0.0 0.23 0.46 0.0 0.0 0.005 0.0 0.175 0.11 
0.005 0.02 0.025 0.025 0.255 0.22 0.075 0.125 0.02 0.03 0.045 0.015 0.1 0.015 0.025 
0.125 0.03 0.095 0.125 0.125 0.07 0.0 0.045 0.015 0.045 0.025 0.045 0.225 0.005 0.025 
0.015 0.01 0.02 0.115 0.25 0.21 0.105 0.11 0.02 0.005 0.04 0.0 0.025 0.03 0.045 
0.48 0.15 0.165 0.015 0.0 0.06 0.005 0.01 0.0 0.04 0.005 0.035 0.025 0.0 0.01 
0.01 0.01 0.075 0.115 0.21 0.175 0.075 0.11 0.01 0.025 0.055 0.025 0.045 0.04 0.02 
0.005 0.0 0.065 0.155 0.04 0.085 0.095 0.13 0.09 0.01 0.085 0.015 0.005 0.115 0.105 
0.08 0.285 0.18 0.02 0.005 0.005 0.005 0.0 0.025 0.26 0.115 0.015 0.005 0.0 0.0 
0.0 0.005 0.04 0.105 0.295 0.185 0.06 0.17 0.025 0.01 0.03 0.0 0.02 0.04 0.015 
0.005 0.0 0.005 0.03 0.03 0.0 0.005 0.2 0.055 0.01 0.105 0.0 0.0 0.425 0.13 
0.005 0.0 0.02 0.075 0.035 0.01 0.07 0.145 0.185 0.025 0.16 0.0 0.0 0.245 0.025 
0.3 0.185 0.37 0.0 0.0 0.01 0.005 0.02 0.0 0.095 0.0 0.01 0.005 0.0 0.0 
0.01 0.02 0.085 0.035 0.06 0.125 0.25 0.175 0.03 0.04 0.045 0.015 0.04 0.03 0.04 
0.0 0.0 0.015 0.005 0.0 0.01 0.01 0.15 0.475 0.005 0.155 0.005 0.0 0.11 0.06 
0.03 0.055 0.145 0.03 0.025 0.005 0.015 0.0 0.04 0.055 0.49 0.07 0.04 0.0 0.0 
0.055 0.03 0.16 0.09 0.055 0.15 0.035 0.015 0.015 0.045 0.025 0.09 0.23 0.0 0.005 
0.03 0.105 0.285 0.025 0.04 0.05 0.04 0.045 0.015 0.21 0.005 0.1 0.025 0.015 0.01 
0.04 0.0 0.0 0.0 0.0 0.0 0.0 0.005 0.625 0.0 0.005 0.0 0.0 0.125 0.2 
0.095 0.265 0.31 0.005 0.0 0.005 0.015 0.0 0.045 0.065 0.12 0.065 0.005 0.0 0.005 
0.0 0.01 0.015 0.04 0.03 0.055 0.07 0.085 0.235 0.035 0.345 0.02 0.0 0.03 0.03 
0.01 0.01 0.185 0.055 0.22 0.105 0.075 0.025 0.04 0.04 0.04 0.085 0.08 0.015 0.015 
0.02 0.0 0.095 0.265 0.035 0.025 0.035 0.095 0.03 0.07 0.175 0.065 0.035 0.025 0.03 
0.005 0.005 0.09 0.09 0.075 0.03 0.07 0.06 0.075 0.09 0.19 0.075 0.02 0.075 0.05 
0.0 0.06 0.135 0.03 0.04 0.025 0.02 0.0 0.085 0.1 0.39 0.055 0.025 0.025 0.01 
0.01 0.0 0.01 0.075 0.03 0.0 0.005 0.05 0.365 0.01 0.285 0.015 0.005 0.135 0.005 
0.005 0.0 0.01 0.035 0.005 0.005 0.0 0.29 0.16 0.0 0.005 0.0 0.005 0.27 0.21 
0.0 0.005 0.0 0.0 0.0 0.0 0.0 0.18 0.515 0.005 0.14 0.005 0.0 0.045 0.105 
0.01 0.0 0.02 0.245 0.085 0.025 0.015 0.07 0.11 0.0 0.14 0.02 0.015 0.24 0.005 
0.035 0.01 0.055 0.115 0.085 0.055 0.185 0.04 0.03 0.075 0.065 0.16 0.025 0.04 0.025 
0.025 0.01 0.16 0.125 0.18 0.045 0.025 0.045 0.06 0.065 0.115 0.035 0.035 0.075 0.0 
0.0 0.02 0.08 0.045 0.14 0.185 0.145 0.18 0.03 0.03 0.025 0.015 0.045 0.03 0.03 
0.0 0.005 0.01 0.03 0.01 0.03 0.005 0.64 0.105 0.0 0.005 0.005 0.0 0.125 0.03 
0.0 0.005 0.015 0.005 0.005 0.0 0.01 0.715 0.135 0.0 0.0 0.0 0.0 0.075 0.035 
0.005 0.0 0.085 0.065 0.095 0.265 0.175 0.125 0.05 0.02 0.015 0.02 0.02 0.035 0.025 
0.025 0.04 0.15 0.015 0.19 0.135 0.035 0.05 0.015 0.05 0.005 0.085 0.135 0.01 0.06 
0.005 0.01 0.215 0.05 0.25 0.1 0.03 0.04 0.01 0.055 0.01 0.05 0.16 0.0 0.015 
0.0 0.005 0.02 0.025 0.005 0.045 0.055 0.47 0.09 0.0 0.045 0.0 0.0 0.205 0.035 
0.055 0.02 0.1 0.105 0.065 0.07 0.12 0.015 0.005 0.09 0.05 0.185 0.115 0.005 0.0 
0.0 0.005 0.01 0.0 0.01 0.01 0.0 0.655 0.13 0.0 0.0 0.0 0.0 0.085 0.095 
0.025 0.0 0.155 0.115 0.09 0.25 0.03 0.04 0.03 0.025 0.025 0.04 0.09 0.025 0.06 
0.01 0.0 0.025 0.175 0.205 0.295 0.1 0.05 0.0 0.01 0.055 0.005 0.055 0.01 0.005 
0.685 0.12 0.115 0.01 0.015 0.0 0.0 0.0 0.0 0.0 0.005 0.025 0.0 0.0 0.025 
0.08 0.05 0.5 0.04 0.005 0.075 0.01 0.02 0.0 0.105 0.005 0.075 0.035 0.0 0.0 
0.035 0.0 0.0 0.01 0.015 0.0 0.005 0.05 0.39 0.0 0.0 0.005 0.0 0.345 0.145 
0.025 0.005 0.13 0.13 0.095 0.065 0.06 0.025 0.035 0.065 0.11 0.11 0.095 0.035 0.015 
0.04 0.025 0.3 0.04 0.065 0.115 0.04 0.005 0.005 0.075 0.015 0.12 0.125 0.025 0.005 
0.0 0.025 0.055 0.08 0.075 0.01 0.02 0.035 0.22 0.05 0.31 0.035 0.025 0.05 0.01 
0.0 0.055 0.125 0.055 0.07 0.02 0.035 0.015 0.125 0.115 0.215 0.11 0.04 0.015 0.005 
0.0 0.03 0.06 0.11 0.1 0.02 0.02 0.005 0.135 0.03 0.3 0.095 0.045 0.05 0.0 
0.0 0.045 0.07 0.085 0.095 0.035 0.045 0.015 0.11 0.075 0.27 0.06 0.05 0.045 0.0 
0.0 0.04 0.115 0.05 0.085 0.015 0.035 0.015 0.15 0.085 0.235 0.08 0.04 0.055 0.0 
0.005 0.02 0.115 0.125 0.09 0.06 0.065 0.025 0.085 0.04 0.145 0.085 0.085 0.05 0.005 
0.0 0.005 0.01 0.02 0.0 0.015 0.005 0.54 0.135 0.005 0.005 0.005 0.0 0.21 0.045 
0.0 0.0 0.015 0.0 0.0 0.02 0.005 0.625 0.135 0.005 0.015 0.0 0.0 0.14 0.04 
0.695 0.17 0.1 0.0 0.0 0.005 0.0 0.0 0.0 0.0 0.0 0.025 0.0 0.0 0.005 
0.0 0.005 0.02 0.025 0.01 0.03 0.015 0.635 0.07 0.005 0.0 0.0 0.0 0.11 0.075 
0.005 0.0 0.09 0.055 0.06 0.16 0.285 0.12 0.065 0.015 0.025 0.005 0.055 0.04 0.02 
0.0 0.005 0.005 0.03 0.01 0.035 0.005 0.605 0.085 0.005 0.005 0.0 0.0 0.155 0.055 
0.0 0.0 0.015 0.02 0.0 0.04 0.015 0.56 0.085 0.005 0.025 0.005 0.0 0.175 0.055 
0.0 0.0 0.005 0.055 0.5 0.08 0.03 0.07 0.03 0.01 0.12 0.005 0.02 0.05 0.025 
0.09 0.085 0.1 0.065 0.07 0.075 0.03 0.02 0.0 0.085 0.045 0.12 0.21 0.0 0.005 
0.01 0.01 0.07 0.035 0.26 0.27 0.06 0.075 0.005 0.045 0.015 0.03 0.105 0.005 0.005 
0.055 0.01 0.06 0.13 0.08 0.18 0.04 0.085 0.07 0.02 0.04 0.04 0.055 0.04 0.095 
0.045 0.005 0.07 0.19 0.135 0.24 0.05 0.045 0.015 0.0 0.015 0.05 0.055 0.015 0.07 
0.08 0.135 0.52 0.01 0.005 0.005 0.0 0.0 0.01 0.17 0.005 0.05 0.01 0.0 0.0 
0.0 0.005 0.005 0.025 0.005 0.025 0.01 0.67 0.075 0.005 0.01 0.0 0.0 0.12 0.045 
0.01 0.01 0.055 0.105 0.275 0.205 0.055 0.09 0.01 0.025 0.035 0.005 0.055 0.03 0.035 
0.005 0.0 0.015 0.02 0.0 0.01 0.025 0.47 0.21 0.005 0.01 0.005 0.0 0.175 0.05 
0.0 0.0 0.02 0.0 0.0 0.0 0.0 0.395 0.225 0.005 0.005 0.0 0.0 0.195 0.155 
0.0 0.0 0.0 0.02 0.0 0.005 0.03 0.485 0.135 0.01 0.115 0.005 0.0 0.11 0.085 
0.01 0.01 0.385 0.11 0.035 0.065 0.03 0.005 0.0 0.075 0.065 0.14 0.06 0.01 0.0 
0.0 0.005 0.03 0.055 0.01 0.055 0.055 0.535 0.09 0.005 0.03 0.0 0.0 0.115 0.015 
0.005 0.0 0.015 0.02 0.005 0.02 0.045 0.54 0.13 0.005 0.05 0.0 0.0 0.14 0.025 
0.0 0.005 0.02 0.005 0.005 0.015 0.0 0.615 0.14 0.0 0.04 0.0 0.0 0.11 0.045 
0.0 0.0 0.03 0.03 0.045 0.125 0.095 0.285 0.13 0.005 0.045 0.015 0.005 0.17 0.02 
0.0 0.005 0.05 0.075 0.115 0.09 0.125 0.065 0.12 0.04 0.095 0.095 0.02 0.1 0.005 
0.005 0.005 0.015 0.01 0.005 0.02 0.035 0.625 0.12 0.0 0.015 0.005 0.0 0.12 0.02 
0.02 0.085 0.295 0.03 0.075 0.05 0.005 0.01 0.005 0.125 0.01 0.22 0.07 0.0 0.0 
0.005 0.04 0.1 0.01 0.32 0.145 0.005 0.065 0.005 0.075 0.015 0.05 0.15 0.0 0.015 
0.005 0.04 0.14 0.035 0.225 0.15 0.03 0.02 0.01 0.08 0.005 0.045 0.215 0.0 0.0 
0.0 0.01 0.005 0.0 0.0 0.0 0.0 0.11 0.55 0.0 0.015 0.0 0.0 0.07 0.24 
0.0 0.0 0.015 0.115 0.015 0.05 0.03 0.055 0.13 0.055 0.425 0.015 0.015 0.075 0.005 
0.04 0.015 0.135 0.085 0.18 0.165 0.055 0.045 0.01 0.105 0.02 0.03 0.1 0.0 0.015 
0.0 0.0 0.06 0.085 0.065 0.135 0.165 0.115 0.09 0.025 0.12 0.015 0.01 0.09 0.025 
0.005 0.005 0.155 0.16 0.025 0.17 0.105 0.1 0.02 0.015 0.095 0.03 0.055 0.04 0.02 
0.025 0.045 0.49 0.005 0.02 0.05 0.045 0.01 0.005 0.135 0.005 0.13 0.03 0.0 0.005 
0.015 0.065 0.085 0.025 0.21 0.09 0.005 0.045 0.005 0.1 0.02 0.05 0.265 0.0 0.02 
0.015 0.065 0.105 0.015 0.155 0.095 0.015 0.04 0.0 0.12 0.015 0.09 0.255 0.0 0.015 
0.0 0.035 0.07 0.015 0.33 0.175 0.05 0.075 0.02 0.035 0.025 0.025 0.105 0.015 0.025 
0.0 0.0 0.005 0.0 0.005 0.0 0.0 0.46 0.32 0.015 0.015 0.005 0.0 0.1 0.075 
0.01 0.01 0.105 0.155 0.085 0.165 0.12 0.135 0.025 0.015 0.04 0.04 0.015 0.025 0.055 
0.05 0.05 0.32 0.03 0.01 0.05 0.065 0.005 0.005 0.15 0.01 0.195 0.06 0.0 0.0 
0.04 0.08 0.37 0.005 0.01 0.025 0.045 0.0 0.015 0.17 0.065 0.125 0.05 0.0 0.0 
0.015 0.005 0.355 0.07 0.02 0.05 0.095 0.005 0.0 0.08 0.065 0.175 0.035 0.025 0.005 
0.075 0.045 0.42 0.075 0.0 0.03 0.055 0.005 0.005 0.125 0.025 0.085 0.05 0.005 0.0 
0.005 0.0 0.04 0.025 0.09 0.17 0.18 0.21 0.1 0.01 0.03 0.0 0.005 0.07 0.065 
0.005 0.0 0.02 0.0 0.0 0.01 0.0 0.54 0.19 0.01 0.045 0.005 0.0 0.135 0.04 
0.005 0.0 0.095 0.04 0.2 0.115 0.18 0.165 0.03 0.04 0.04 0.03 0.025 0.015 0.02 
0.04 0.025 0.035 0.1 0.135 0.155 0.195 0.07 0.005 0.04 0.025 0.07 0.04 0.025 0.04 
0.105 0.065 0.37 0.005 0.02 0.045 0.065 0.01 0.02 0.105 0.03 0.06 0.015 0.02 0.065 
0.0 0.0 0.005 0.04 0.01 0.025 0.02 0.665 0.065 0.01 0.025 0.0 0.0 0.095 0.04 
0.005 0.03 0.125 0.005 0.265 0.12 0.06 0.065 0.02 0.04 0.04 0.025 0.17 0.005 0.025 
0.42 0.225 0.15 0.01 0.025 0.0 0.0 0.005 0.0 0.06 0.01 0.065 0.025 0.0 0.005 
0.01 0.015 0.1 0.025 0.135 0.22 0.1 0.035 0.0 0.13 0.01 0.065 0.14 0.0 0.015 
0.01 0.0 0.015 0.16 0.07 0.05 0.08 0.11 0.115 0.015 0.16 0.02 0.02 0.17 0.005 
0.01 0.005 0.245 0.025 0.085 0.155 0.055 0.05 0.015 0.065 0.015 0.08 0.18 0.01 0.005 
0.0 0.0 0.01 0.04 0.005 0.01 0.025 0.7 0.05 0.0 0.015 0.0 0.0 0.11 0.035 
0.0 0.0 0.0 0.0 0.0 0.0 0.015 0.325 0.41 0.005 0.04 0.0 0.0 0.09 0.115 
0.0 0.0 0.01 0.0 0.01 0.01 0.0 0.67 0.115 0.005 0.0 0.0 0.0 0.09 0.09 
0.005 0.015 0.195 0.05 0.225 0.055 0.035 0.045 0.01 0.09 0.02 0.075 0.165 0.0 0.015 
0.0 0.0 0.01 0.045 0.195 0.275 0.07 0.235 0.045 0.005 0.02 0.0 0.025 0.05 0.025 
0.03 0.045 0.12 0.005 0.175 0.175 0.045 0.025 0.005 0.035 0.005 0.045 0.225 0.01 0.055 
0.07 0.035 0.05 0.095 0.29 0.1 0.03 0.03 0.0 0.045 0.04 0.055 0.135 0.0 0.025 
0.265 0.09 0.155 0.085 0.02 0.085 0.02 0.0 0.0 0.045 0.02 0.11 0.1 0.0 0.005 
0.04 0.05 0.07 0.105 0.19 0.07 0.005 0.06 0.015 0.085 0.04 0.09 0.16 0.01 0.01 
0.01 0.005 0.005 0.075 0.16 0.305 0.135 0.125 0.01 0.01 0.05 0.0 0.015 0.025 0.07 
0.03 0.025 0.045 0.09 0.165 0.22 0.135 0.08 0.01 0.045 0.02 0.05 0.04 0.025 0.02 
0.0 0.005 0.06 0.03 0.075 0.265 0.225 0.18 0.015 0.025 0.02 0.015 0.02 0.04 0.025 
0.005 0.005 0.01 0.015 0.005 0.01 0.02 0.63 0.12 0.005 0.015 0.0 0.0 0.12 0.04 
0.02 0.02 0.055 0.215 0.155 0.16 0.07 0.09 0.035 0.01 0.04 0.01 0.035 0.025 0.06 
0.08 0.44 0.32 0.0 0.0 0.01 0.0 0.005 0.005 0.085 0.01 0.02 0.005 0.005 0.015 
0.01 0.01 0.04 0.075 0.215 0.245 0.075 0.1 0.005 0.025 0.06 0.02 0.06 0.045 0.015 
0.04 0.005 0.035 0.16 0.135 0.235 0.025 0.11 0.035 0.015 0.02 0.035 0.045 0.025 0.08 
0.0 0.0 0.01 0.01 0.005 0.005 0.025 0.6 0.185 0.01 0.005 0.0 0.0 0.095 0.05 
0.02 0.005 0.04 0.145 0.22 0.17 0.085 0.15 0.04 0.015 0.025 0.01 0.015 0.035 0.025 
0.405 0.265 0.235 0.005 0.0 0.015 0.0 0.005 0.0 0.035 0.0 0.015 0.01 0.0 0.01 
0.005 0.0 0.06 0.055 0.11 0.14 0.245 0.18 0.025 0.035 0.015 0.025 0.04 0.02 0.045 
0.0 0.0 0.01 0.01 0.005 0.01 0.02 0.39 0.29 0.01 0.005 0.0 0.0 0.2 0.05 
0.0 0.0 0.0 0.05 0.02 0.025 0.0 0.665 0.035 0.0 0.01 0.0 0.0 0.13 0.065 
0.0 0.0 0.02 0.05 0.175 0.225 0.165 0.18 0.06 0.01 0.05 0.005 0.0 0.055 0.005 
0.065 0.06 0.2 0.035 0.0 0.02 0.04 0.005 0.005 0.12 0.245 0.14 0.035 0.02 0.01 
0.16 0.02 0.025 0.02 0.025 0.0 0.0 0.14 0.355 0.01 0.055 0.01 0.0 0.04 0.14 
0.005 0.005 0.0 0.0 0.0 0.0 0.0 0.0 0.645 0.005 0.0 0.0 0.0 0.18 0.16 
0.0 0.0 0.01 0.02 0.005 0.0 0.0 0.385 0.26 0.005 0.07 0.005 0.0 0.14 0.1 
0.0 0.0 0.01 0.03 0.02 0.015 0.02 0.495 0.16 0.005 0.025 0.0 0.0 0.18 0.04 
0.0 0.0 0.015 0.01 0.005 0.0 0.005 0.365 0.25 0.005 0.01 0.0 0.0 0.285 0.05 
0.0 0.005 0.005 0.04 0.235 0.195 0.045 0.275 0.02 0.005 0.055 0.005 0.045 0.05 0.02 
0.005 0.0 0.01 0.18 0.08 0.03 0.065 0.14 0.05 0.005 0.22 0.01 0.005 0.185 0.015 
0.035 0.045 0.085 0.01 0.215 0.105 0.015 0.025 0.005 0.075 0.02 0.07 0.27 0.01 0.015 
0.12 0.02 0.1 0.135 0.125 0.1 0.0 0.04 0.01 0.035 0.035 0.04 0.17 0.015 0.055 
0.01 0.015 0.16 0.02 0.22 0.21 0.05 0.04 0.015 0.08 0.005 0.03 0.135 0.005 0.005 
0.08 0.065 0.08 0.065 0.155 0.07 0.035 0.02 0.0 0.07 0.045 0.075 0.23 0.0 0.01 
0.035 0.04 0.11 0.065 0.135 0.105 0.05 0.075 0.005 0.12 0.015 0.06 0.165 0.0 0.02 
0.0 0.005 0.015 0.005 0.005 0.015 0.005 0.64 0.1 0.0 0.005 0.0 0.0 0.17 0.035 
0.005 0.0 0.015 0.025 0.01 0.005 0.01 0.52 0.22 0.005 0.02 0.0 0.0 0.145 0.02 
0.395 0.25 0.275 0.0 0.0 0.0 0.0 0.005 0.005 0.05 0.0 0.015 0.0 0.0 0.005 
0.0 0.005 0.01 0.01 0.0 0.015 0.005 0.605 0.125 0.01 0.025 0.0 0.0 0.145 0.045 
0.005 0.0 0.01 0.03 0.025 0.03 0.005 0.635 0.075 0.005 0.005 0.005 0.0 0.11 0.06 
0.0 0.0 0.02 0.025 0.02 0.015 0.025 0.5 0.135 0.005 0.02 0.0 0.0 0.195 0.04 
0.0 0.005 0.01 0.06 0.025 0.045 0.0 0.585 0.07 0.0 0.015 0.005 0.0 0.12 0.06 
0.0 0.0 0.01 0.01 0.0 0.0 0.02 0.435 0.21 0.01 0.005 0.0 0.0 0.2 0.1 
0.025 0.03 0.175 0.035 0.265 0.12 0.04 0.035 0.015 0.015 0.04 0.03 0.17 0.0 0.005 
0.0 0.005 0.005 0.025 0.01 0.025 0.005 0.625 0.1 0.005 0.01 0.0 0.0 0.135 0.05 
0.0 0.0 0.02 0.015 0.0 0.015 0.01 0.635 0.095 0.0 0.015 0.0 0.0 0.14 0.055 
0.01 0.015 0.06 0.04 0.255 0.215 0.08 0.1 0.0 0.05 0.01 0.045 0.11 0.005 0.005 
0.005 0.0 0.015 0.16 0.07 0.04 0.065 0.12 0.075 0.005 0.055 0.01 0.02 0.31 0.05 
0.01 0.01 0.26 0.04 0.05 0.11 0.085 0.065 0.015 0.1 0.005 0.105 0.135 0.005 0.005 
0.01 0.01 0.035 0.19 0.215 0.18 0.03 0.115 0.025 0.015 0.03 0.02 0.045 0.035 0.045 
0.055 0.025 0.15 0.075 0.19 0.125 0.025 0.04 0.005 0.045 0.035 0.035 0.16 0.01 0.025 
0.005 0.03 0.095 0.025 0.37 0.115 0.035 0.075 0.015 0.025 0.025 0.025 0.14 0.005 0.015 
0.1 0.065 0.07 0.085 0.15 0.08 0.03 0.025 0.0 0.055 0.05 0.06 0.215 0.0 0.015 
0.01 0.0 0.09 0.165 0.16 0.28 0.065 0.055 0.03 0.015 0.05 0.01 0.035 0.03 0.005 
0.025 0.0 0.005 0.055 0.02 0.005 0.01 0.37 0.075 0.0 0.005 0.005 0.005 0.31 0.11 
0.0 0.0 0.025 0.065 0.06 0.075 0.02 0.395 0.115 0.025 0.035 0.005 0.01 0.105 0.065 
0.015 0.03 0.135 0.035 0.31 0.13 0.02 0.02 0.01 0.05 0.015 0.06 0.17 0.0 0.0 
0.0 0.0 0.04 0.03 0.18 0.27 0.08 0.24 0.07 0.015 0.005 0.0 0.02 0.025 0.025 
0.005 0.005 0.02 0.01 0.01 0.005 0.005 0.6 0.165 0.0 0.005 0.0 0.0 0.145 0.025 
0.035 0.04 0.045 0.11 0.12 0.125 0.235 0.055 0.015 0.05 0.025 0.09 0.02 0.02 0.015 
0.0 0.0 0.02 0.025 0.105 0.21 0.11 0.305 0.085 0.005 0.01 0.0 0.005 0.055 0.065 
0.055 0.045 0.29 0.01 0.02 0.0 0.02 0.005 0.0 0.24 0.02 0.24 0.04 0.005 0.01 
0.025 0.045 0.075 0.0 0.26 0.095 0.005 0.06 0.01 0.075 0.02 0.03 0.285 0.005 0.01 
0.0 0.0 0.01 0.015 0.025 0.01 0.0 0.53 0.135 0.005 0.005 0.0 0.0 0.12 0.145 
0.0 0.02 0.0 0.0 0.0 0.005 0.0 0.27 0.44 0.005 0.13 0.005 0.0 0.035 0.09 
0.005 0.005 0.03 0.04 0.155 0.31 0.08 0.215 0.025 0.025 0.015 0.0 0.02 0.04 0.035 
0.0 0.075 0.19 0.055 0.03 0.04 0.05 0.0 0.05 0.12 0.26 0.07 0.035 0.02 0.005 
0.0 0.0 0.01 0.03 0.085 0.065 0.06 0.085 0.225 0.07 0.265 0.055 0.01 0.03 0.01 
0.005 0.0 0.005 0.015 0.0 0.01 0.015 0.56 0.15 0.015 0.06 0.0 0.0 0.125 0.04 
0.0 0.0 0.05 0.065 0.065 0.09 0.195 0.11 0.12 0.03 0.125 0.005 0.005 0.115 0.025 
0.645 0.165 0.1 0.0 0.0 0.015 0.0 0.005 0.0 0.005 0.0 0.015 0.025 0.0 0.025 
0.0 0.0 0.015 0.015 0.0 0.025 0.005 0.595 0.115 0.005 0.025 0.0 0.0 0.155 0.045 
0.0 0.01 0.0 0.005 0.0 0.01 0.01 0.385 0.215 0.005 0.125 0.005 0.0 0.17 0.06 
0.005 0.0 0.025 0.025 0.015 0.05 0.07 0.485 0.12 0.005 0.035 0.0 0.0 0.14 0.025 
0.005 0.005 0.01 0.005 0.01 0.005 0.015 0.625 0.15 0.005 0.005 0.0 0.0 0.135 0.025 
0.0 0.005 0.01 0.0 0.0 0.0 0.01 0.555 0.255 0.015 0.005 0.005 0.0 0.105 0.035 
0.0 0.0 0.005 0.005 0.0 0.01 0.025 0.345 0.24 0.015 0.185 0.005 0.0 0.135 0.03 
0.005 0.0 0.07 0.15 0.04 0.155 0.17 0.04 0.05 0.05 0.13 0.035 0.05 0.05 0.005 
0.005 0.015 0.065 0.07 0.035 0.025 0.07 0.025 0.135 0.09 0.29 0.07 0.04 0.035 0.03 
