11
1
9
2
3
9
3
8
12
8
12
8
9
9
2
8
3
9
11
5
11
5
12
5
4
5
8
11
9
9
2
2
1
1
9
1
11
8
3
9
6
11
1
11
10
3
4
11
11
5
9
8
11
9
15
4
9
11
13
2
5
9
7
7
9
2
7
9
2
8
2
1
7
9
8
2
1
9
9
1
8
1
3
9
3
3
2
3
4
11
6
5
1
3
8
8
3
3
5
8
11
14
3
13
14
2
8
14
13
4
3
9
5
13
5
1
5
4
2
5
14
14
3
7
9
11
13
3
9
3
11
5
4
11
11
9
8
9
4
7
5
6
8
8
6
5
5
8
12
8
6
6
1
3
9
3
3
11
11
11
11
11
11
8
8
1
8
7
8
8
5
13
6
6
6
3
8
5
8
8
8
3
8
8
8
8
7
8
3
5
5
9
11
5
7
6
3
13
13
5
8
6
3
3
3
3
8
8
5
7
3
8
5
1
6
14
3
8
9
8
5
6
13
5
1
5
6
6
6
8
4
2
6
6
8
5
1
7
8
8
6
11
9
9
8
8
8
8
11
13
13
5
13
13
8
8
1
8
8
8
8
8
5
8
8
5
14
3
5
5
5
13
6
8
8
5
6
8
7
8
3
13
8
9
6
11
11
8
7
1
8
8
8
8
8
8
7
11
